Date,Description,Amount,Balance
"2011-11-12","BOGOTA,211 bankofamerica.com",111.00,111.00
"2025-05-02","May l,9 to May 31, 2019 Account number: 333 4444 5555",201.00,312.00
"2025-05-02","Beginning balance on May I,9 $25,000.00",201.00,513.00
"2025-05-02","Deposits and other additions",200.00,713.00
"2025-05-02","Ending balance on May, 2019 $25,000.00",31.00,744.00
"2025-08-01","PULL: A CYCLE: SPEC: 1 DELIVERY: 1 lYPE: A IMAGE: B BC: MA Page I of 2",1.00,745.00
"2025-08-11","Avenida, No12S-6 Customer service information",11.00,756.00
"2025-08-11","Bogota,12",112.00,868.00
"2043-07-02","JIMENEZ STREET-43",7.00,875.00
